94.00,138.00,144.00,133.00,167.00,98.41,75.15,-1.52
92.00,143.00,145.00,132.00,165.00,98.66,74.74,-1.42
92.00,138.00,142.00,134.00,165.00,98.91,74.35,-1.31
90.00,140.00,142.00,134.00,162.00,99.15,73.98,-1.21
91.00,139.00,142.00,133.00,160.00,99.35,73.63,-1.15
90.00,135.00,141.00,131.00,161.00,99.50,73.33,-1.12
90.00,138.00,141.00,132.00,164.00,99.63,73.07,-1.08
89.00,136.00,142.00,131.00,162.00,102.64,67.71,0.22
89.00,137.00,143.00,131.00,162.00,102.80,67.47,0.32
89.00,138.00,142.00,132.00,161.00,102.95,67.24,0.42
88.00,135.00,142.00,131.00,160.00,103.10,66.99,0.50
88.00,136.00,143.00,129.00,159.00,103.24,66.75,0.58
88.00,134.00,138.00,131.00,160.00,103.39,66.53,0.66
88.00,137.00,141.00,131.00,161.00,103.52,66.34,0.75
87.00,137.00,141.00,130.00,161.00,103.64,66.16,0.84
87.00,135.00,140.00,130.00,159.00,103.75,66.01,0.93
84.00,135.00,141.00,131.00,159.00,101.18,66.09,0.37
81.00,132.00,138.00,129.00,159.00,100.71,66.48,0.26
73.00,133.00,141.00,129.00,157.00,100.23,66.88,0.13
64.00,130.00,139.00,128.00,159.00,99.72,67.25,-0.05
38.00,128.00,138.00,127.00,154.00,99.16,67.63,-0.26
0.00,127.00,136.00,128.00,159.00,98.51,68.10,-0.50
-4.00,127.00,134.00,124.00,160.00,97.84,68.67,-0.74
-5.00,124.00,134.00,125.00,159.00,97.12,69.27,-1.05
-6.00,125.00,133.00,123.00,160.00,96.35,69.85,-1.43
-7.00,123.00,130.00,122.00,158.00,115.60,52.95,10.29
-7.00,124.00,131.00,124.00,158.00,115.37,53.24,10.49
-7.00,123.00,130.00,124.00,158.00,115.12,53.54,10.64
-7.00,121.00,131.00,123.00,159.00,114.87,53.71,10.64
-7.00,124.00,131.00,123.00,157.00,114.65,53.76,10.58
-8.00,123.00,129.00,121.00,156.00,114.43,53.75,10.49
-7.00,121.00,132.00,124.00,157.00,114.24,53.65,10.37
-7.00,120.00,131.00,122.00,157.00,114.06,53.54,10.21
-7.00,120.00,131.00,123.00,158.00,113.86,53.43,10.06
-6.00,122.00,133.00,124.00,156.00,97.84,64.04,-0.53
-6.00,120.00,130.00,121.00,155.00,96.74,64.41,-1.35
-5.00,113.00,131.00,122.00,157.00,95.56,64.90,-2.25
-5.00,91.00,130.00,122.00,154.00,94.37,65.55,-3.07
-5.00,57.00,129.00,121.00,154.00,93.31,66.25,-3.73
-4.00,25.00,129.00,121.00,155.00,92.30,66.95,-4.35
-3.00,7.00,129.00,120.00,154.00,91.20,67.66,-5.08
-6.00,0.00,128.00,121.00,152.00,89.98,68.30,-5.99
-8.00,-2.00,124.00,119.00,153.00,88.63,68.95,-7.05
-9.00,-2.00,124.00,118.00,151.00,117.05,43.84,13.03
-10.00,-2.00,124.00,118.00,152.00,116.58,44.77,13.00
-10.00,-3.00,125.00,119.00,152.00,115.96,45.86,12.89
-10.00,-3.00,124.00,119.00,152.00,115.34,46.82,12.72
-10.00,-2.00,126.00,118.00,152.00,114.78,47.56,12.48
-10.00,-2.00,122.00,118.00,150.00,114.26,48.11,12.18
-10.00,-2.00,122.00,118.00,152.00,113.72,48.51,11.83
-10.00,-2.00,124.00,117.00,153.00,113.17,48.82,11.48
-10.00,-2.00,123.00,117.00,152.00,112.69,49.01,11.14
-10.00,-2.00,123.00,118.00,150.00,110.55,48.07,10.63
-10.00,-2.00,122.00,118.00,150.00,110.55,48.00,10.72
-10.00,0.00,121.00,120.00,151.00,110.57,47.92,10.83
-8.00,3.00,125.00,118.00,153.00,110.54,47.84,10.91
-5.00,12.00,122.00,118.00,155.00,110.48,47.82,10.97
-3.00,10.00,121.00,118.00,156.00,110.33,47.88,11.04
-4.00,4.00,86.00,112.00,152.00,109.98,48.17,11.05
-6.00,0.00,6.00,115.00,151.00,109.29,48.89,10.84
-7.00,-2.00,-8.00,112.00,152.00,108.13,50.20,10.25
-8.00,-2.00,-8.00,112.00,149.00,110.09,52.93,10.26
-8.00,-3.00,-8.00,112.00,149.00,110.57,52.40,10.53
-8.00,-3.00,-8.00,112.00,149.00,110.73,52.22,10.62
-8.00,-3.00,-8.00,112.00,147.00,110.66,52.22,10.54
-7.00,-3.00,-8.00,113.00,147.00,110.43,52.30,10.38
-8.00,-3.00,-8.00,114.00,147.00,110.01,52.54,10.18
-7.00,-2.00,-8.00,114.00,144.00,109.50,52.91,9.95
-7.00,-2.00,-7.00,112.00,147.00,108.97,53.30,9.73
-7.00,-2.00,-7.00,112.00,147.00,108.50,53.61,9.56
-7.00,-1.00,-5.00,113.00,146.00,103.41,55.50,9.14
-6.00,0.00,-2.00,114.00,147.00,102.96,55.97,9.06
-5.00,1.00,16.00,115.00,148.00,102.40,56.58,8.82
-4.00,5.00,22.00,113.00,149.00,101.69,57.33,8.46
-4.00,8.00,23.00,110.00,148.00,100.78,58.33,7.96
-3.00,10.00,18.00,94.00,144.00,99.69,59.62,7.32
-3.00,8.00,0.00,39.00,141.00,-29.45,42.55,39.77
-5.00,4.00,-7.00,0.00,132.00,-10.62,4.24,-52.53
-7.00,4.00,-8.00,0.00,123.00,17.44,-1.28,-65.23
-7.00,5.00,-8.00,-1.00,124.00,100.70,63.17,1.06
-5.00,6.00,-8.00,-1.00,124.00,100.58,63.51,1.08
-5.00,5.00,-8.00,-1.00,123.00,100.15,64.18,1.01
-5.00,5.00,-8.00,-1.00,126.00,99.55,64.97,0.89
-5.00,5.00,-8.00,-1.00,125.00,98.92,65.62,0.75
-5.00,5.00,-8.00,0.00,126.00,98.34,66.05,0.59
-5.00,5.00,-8.00,0.00,125.00,97.77,66.27,0.40
-4.00,5.00,-8.00,0.00,124.00,97.17,66.39,0.11
-5.00,6.00,-7.00,0.00,126.00,96.56,66.43,-0.26
-4.00,6.00,-8.00,0.00,123.00,93.01,66.40,-1.05
-4.00,6.00,-8.00,1.00,124.00,92.97,66.34,-1.05
-4.00,6.00,-7.00,1.00,126.00,92.97,66.21,-1.00
-4.00,6.00,-7.00,2.00,124.00,93.01,66.03,-0.92
-4.00,7.00,-7.00,2.00,120.00,93.05,65.86,-0.82
-3.00,7.00,-7.00,3.00,110.00,93.08,65.72,-0.71
-3.00,6.00,-7.00,3.00,92.00,93.09,65.64,-0.64
-2.00,4.00,-7.00,2.00,59.00,93.07,65.59,-0.60
-2.00,0.00,-8.00,5.00,0.00,93.03,65.55,-0.57
-7.00,-2.00,-8.00,4.00,3.00,88.11,56.31,-1.87
-8.00,-2.00,-9.00,3.00,1.00,90.50,53.23,0.48
-9.00,-3.00,-9.00,2.00,0.00,92.70,50.23,2.66
-9.00,-3.00,-9.00,1.00,-1.00,94.65,47.49,4.55
-9.00,-4.00,-10.00,1.00,-2.00,96.32,45.43,6.10
-9.00,-4.00,-9.00,1.00,-3.00,97.57,44.22,7.31
-9.00,-4.00,-9.00,0.00,-4.00,98.42,43.65,8.25
-9.00,-4.00,-9.00,0.00,-4.00,98.93,43.43,8.82
-8.00,-4.00,-9.00,0.00,-5.00,99.09,43.50,9.05
-8.00,-4.00,-8.00,0.00,-5.00,94.52,47.86,7.00
-8.00,-3.00,-9.00,0.00,-5.00,94.36,48.16,6.78
-7.00,-2.00,-8.00,0.00,-4.00,94.22,48.36,6.57
-3.00,0.00,-8.00,0.00,-2.00,94.09,48.49,6.30
-2.00,0.00,-8.00,1.00,2.00,93.90,48.68,5.90
-2.00,-1.00,-8.00,1.00,6.00,93.53,49.10,5.39
-2.00,-3.00,-8.00,1.00,10.00,93.02,49.85,4.74
0.00,-3.00,-8.00,1.00,10.00,92.34,50.89,3.79
-2.00,-4.00,-8.00,1.00,5.00,91.48,52.13,2.47
2.00,1.00,-7.00,0.00,0.00,85.33,66.18,-4.22
2.00,1.00,-8.00,0.00,0.00,80.87,64.60,-8.33
-2.00,-1.00,-8.00,1.00,4.00,78.01,63.45,-10.80
-3.00,-3.00,-8.00,1.00,7.00,76.74,63.08,-11.77
-3.00,-4.00,-8.00,0.00,4.00,76.73,63.37,-11.48
-1.00,-1.00,-7.00,0.00,1.00,77.78,64.19,-10.11
0.00,1.00,-7.00,0.00,0.00,79.96,65.39,-7.69
0.00,0.00,-7.00,1.00,1.00,83.36,66.80,-4.07
1.00,-2.00,-7.00,0.00,3.00,87.89,67.87,0.82
1.00,-2.00,-8.00,0.00,5.00,115.62,57.16,30.10
2.00,0.00,-7.00,1.00,2.00,112.33,59.08,26.96
5.00,5.00,-5.00,1.00,1.00,107.98,61.67,22.65
6.00,4.00,-6.00,1.00,2.00,103.06,64.23,17.68
8.00,1.00,-6.00,1.00,3.00,98.01,66.09,12.65
11.00,1.00,-6.00,1.00,5.00,93.01,67.07,7.77
11.00,3.00,-6.00,1.00,5.00,88.50,67.09,3.49
12.00,6.00,-6.00,2.00,5.00,84.74,66.44,-0.03
13.00,7.00,-5.00,2.00,5.00,82.05,65.75,-2.63
12.00,7.00,-5.00,2.00,5.00,90.23,66.27,7.06
12.00,6.00,-5.00,2.00,6.00,91.31,66.16,8.19
11.00,6.00,-5.00,2.00,5.00,92.41,65.99,9.28
11.00,6.00,-6.00,2.00,5.00,93.39,65.78,10.22
12.00,6.00,-5.00,3.00,5.00,94.18,65.57,10.98
11.00,6.00,-5.00,3.00,5.00,94.76,65.40,11.54
11.00,6.00,-5.00,3.00,5.00,95.13,65.31,11.90
12.00,6.00,-5.00,3.00,5.00,95.31,65.33,12.08
11.00,6.00,-5.00,3.00,5.00,95.35,65.44,12.11
11.00,6.00,-5.00,3.00,5.00,93.85,66.81,11.93
11.00,6.00,-5.00,3.00,5.00,93.81,66.81,11.95
11.00,6.00,-5.00,3.00,5.00,93.78,66.77,11.99
11.00,8.00,-4.00,4.00,7.00,93.78,66.67,12.07
11.00,9.00,-3.00,5.00,7.00,93.81,66.55,12.22
12.00,10.00,-1.00,15.00,19.00,93.88,66.45,12.40
17.00,11.00,2.00,50.00,53.00,93.96,66.41,12.58
25.00,16.00,17.00,87.00,98.00,94.05,66.41,12.72
46.00,15.00,39.00,115.00,144.00,94.11,66.43,12.82
81.00,2.00,14.00,119.00,158.00,84.72,69.47,0.64
79.00,0.00,-5.00,113.00,152.00,84.47,68.52,0.66
76.00,0.00,-7.00,107.00,145.00,84.51,67.68,0.95
72.00,-1.00,-8.00,106.00,140.00,84.64,66.62,1.31
70.00,-2.00,-8.00,102.00,135.00,84.74,65.25,1.62
70.00,-2.00,-8.00,106.00,135.00,84.97,63.73,2.03
70.00,-2.00,-8.00,105.00,135.00,85.44,62.13,2.63
70.00,-2.00,-8.00,102.00,136.00,86.22,60.44,3.50
68.00,-2.00,-8.00,102.00,132.00,87.26,58.64,4.68
69.00,-2.00,-8.00,100.00,132.00,91.08,50.94,10.82
68.00,-2.00,-8.00,98.00,132.00,91.04,51.04,10.84
67.00,-2.00,-8.00,100.00,129.00,90.99,51.13,10.88
67.00,-2.00,-8.00,96.00,128.00,90.93,51.19,10.94
67.00,-2.00,-8.00,99.00,126.00,90.88,51.19,11.02
66.00,-3.00,-8.00,98.00,125.00,90.83,51.17,11.12
66.00,-2.00,-8.00,98.00,125.00,90.78,51.16,11.22
67.00,-2.00,-8.00,98.00,124.00,90.74,51.17,11.32
67.00,-2.00,-8.00,97.00,124.00,90.69,51.16,11.40
