-12.00,91.00,94.00,93.00,117.00,-73.87,62.68,6.93
-12.00,90.00,94.00,91.00,118.00,-76.87,62.48,7.42
-12.00,89.00,94.00,91.00,116.00,-79.94,62.71,7.69
-12.00,88.00,92.00,90.00,116.00,-82.77,63.10,7.83
-12.00,88.00,92.00,89.00,114.00,-85.98,63.30,7.57
-12.00,88.00,92.00,90.00,115.00,-88.12,64.08,8.36
-12.00,87.00,90.00,89.00,113.00,-90.14,64.43,9.97
-12.00,86.00,90.00,89.00,113.00,-95.30,64.18,9.12
-12.00,86.00,90.00,89.00,111.00,-99.49,64.30,9.00
-12.00,86.00,90.00,88.00,112.00,-104.50,64.28,8.79
-12.00,85.00,89.00,87.00,111.00,-110.46,64.23,8.67
-12.00,85.00,89.00,87.00,111.00,-117.55,64.34,8.71
-12.00,84.00,88.00,87.00,111.00,-126.77,64.36,8.74
-12.00,84.00,88.00,86.00,111.00,-138.11,64.09,9.03
-12.00,84.00,88.00,86.00,110.00,-154.22,64.54,8.95
-12.00,84.00,87.00,86.00,111.00,-172.25,64.30,8.96
-12.00,82.00,87.00,86.00,111.00,170.64,64.46,9.08
-12.00,83.00,87.00,85.00,111.00,155.88,64.46,9.05
-12.00,83.00,87.00,86.00,109.00,144.27,64.59,9.04
-12.00,82.00,87.00,85.00,108.00,135.31,64.63,9.01
-12.00,82.00,86.00,84.00,110.00,128.21,64.70,9.03
-12.00,82.00,87.00,84.00,110.00,122.54,64.81,8.94
-12.00,82.00,86.00,84.00,108.00,117.38,66.11,8.36
-12.00,81.00,85.00,84.00,108.00,112.83,70.06,6.19
-11.00,81.00,85.00,84.00,108.00,110.92,71.63,5.28
-12.00,81.00,85.00,84.00,107.00,110.09,72.23,4.77
-11.00,82.00,85.00,83.00,108.00,109.64,72.67,4.67
-11.00,81.00,84.00,83.00,108.00,109.37,72.91,4.59
-11.00,81.00,84.00,83.00,107.00,109.23,73.01,4.52
-11.00,80.00,84.00,83.00,107.00,109.17,73.03,4.53
-11.00,81.00,84.00,83.00,107.00,109.09,73.08,4.49
-11.00,80.00,84.00,83.00,107.00,109.00,73.18,4.43
-11.00,81.00,83.00,82.00,107.00,108.92,73.32,4.44
-11.00,79.00,84.00,82.00,107.00,108.91,73.30,4.44
-11.00,80.00,84.00,82.00,106.00,108.96,73.23,4.46
-11.00,80.00,83.00,82.00,106.00,108.93,73.27,4.47
-12.00,79.00,82.00,82.00,106.00,108.82,73.40,4.43
-12.00,79.00,83.00,82.00,106.00,108.89,73.34,4.49
-11.00,79.00,82.00,82.00,106.00,108.89,73.35,4.46
-11.00,79.00,83.00,82.00,105.00,108.89,73.33,4.46
-11.00,79.00,82.00,82.00,105.00,108.77,73.51,4.48
-11.00,79.00,82.00,81.00,105.00,108.72,73.61,4.50
-11.00,78.00,82.00,81.00,105.00,108.62,73.72,4.48
-11.00,78.00,82.00,80.00,105.00,108.67,73.68,4.52
-11.00,79.00,82.00,80.00,104.00,108.66,73.67,4.53
-11.00,78.00,82.00,80.00,103.00,108.61,73.73,4.52
-11.00,78.00,82.00,80.00,104.00,108.63,73.68,4.54
-11.00,77.00,82.00,81.00,103.00,108.67,73.65,4.57
-11.00,77.00,81.00,80.00,103.00,108.67,73.68,4.57
-11.00,77.00,82.00,80.00,103.00,108.51,73.82,4.27
-11.00,77.00,81.00,80.00,104.00,108.52,73.78,4.28
-11.00,77.00,80.00,80.00,104.00,108.47,73.80,4.27
-11.00,78.00,81.00,79.00,103.00,108.46,73.78,4.26
-11.00,77.00,80.00,80.00,104.00,108.43,73.80,4.32
-11.00,77.00,80.00,80.00,103.00,108.40,73.80,4.32
-11.00,77.00,81.00,79.00,103.00,108.29,73.89,4.29
-11.00,76.00,80.00,79.00,103.00,108.32,73.80,4.29
-11.00,77.00,80.00,79.00,103.00,108.26,73.88,4.30
-11.00,77.00,80.00,79.00,103.00,108.22,73.92,4.32
-11.00,76.00,80.00,79.00,102.00,108.21,73.93,4.32
-11.00,75.00,80.00,79.00,102.00,108.23,73.86,4.29
-11.00,77.00,80.00,79.00,103.00,108.06,74.04,4.28
-11.00,76.00,80.00,79.00,103.00,108.13,73.96,4.35
-11.00,75.00,80.00,79.00,103.00,108.07,74.06,4.33
-11.00,76.00,79.00,78.00,103.00,108.13,73.98,4.38
-11.00,75.00,80.00,79.00,102.00,108.07,74.09,4.38
-11.00,75.00,79.00,78.00,102.00,108.12,74.03,4.40
-11.00,75.00,80.00,78.00,102.00,108.02,74.11,4.40
-11.00,75.00,80.00,79.00,101.00,108.07,74.09,4.47
-11.00,75.00,79.00,78.00,102.00,108.00,74.17,4.53
-11.00,75.00,79.00,78.00,101.00,107.97,74.20,4.42
-11.00,75.00,78.00,78.00,101.00,107.91,74.22,4.40
-11.00,76.00,79.00,78.00,101.00,107.93,74.19,4.39
-11.00,75.00,78.00,78.00,100.00,107.83,74.26,4.31
-11.00,75.00,78.00,77.00,102.00,107.86,74.26,4.35
-11.00,74.00,79.00,78.00,101.00,107.79,74.32,4.33
-11.00,75.00,78.00,77.00,102.00,107.87,74.25,4.39
-11.00,75.00,78.00,77.00,102.00,107.80,74.33,4.37
-11.00,75.00,78.00,78.00,102.00,107.82,74.29,4.36
-11.00,74.00,78.00,78.00,101.00,107.75,74.37,4.38
-11.00,74.00,77.00,77.00,101.00,107.78,74.35,4.42
-11.00,74.00,78.00,77.00,100.00,107.71,74.46,4.43
-11.00,74.00,78.00,77.00,102.00,107.80,74.41,4.51
-11.00,74.00,77.00,77.00,100.00,107.76,74.41,4.47
-11.00,74.00,77.00,77.00,102.00,107.75,74.42,4.47
-11.00,74.00,77.00,77.00,102.00,107.69,74.49,4.48
-11.00,74.00,77.00,77.00,101.00,107.65,74.50,4.43
-11.00,73.00,77.00,76.00,101.00,107.68,74.51,4.48
-11.00,74.00,77.00,77.00,100.00,107.56,74.60,4.46
-11.00,74.00,77.00,76.00,100.00,107.54,74.64,4.49
-11.00,74.00,77.00,77.00,99.00,107.62,74.58,4.52
-10.00,74.00,77.00,76.00,100.00,107.63,74.59,4.55
-10.00,73.00,77.00,76.00,100.00,107.57,74.63,4.51
-10.00,73.00,76.00,76.00,100.00,107.63,74.56,4.53
-11.00,73.00,77.00,77.00,99.00,107.72,74.43,4.55
-10.00,74.00,76.00,77.00,100.00,107.62,74.57,4.55
-11.00,72.00,77.00,77.00,99.00,107.64,74.50,4.53
-11.00,73.00,77.00,76.00,99.00,107.59,74.55,4.54
-10.00,73.00,75.00,75.00,100.00,107.65,74.49,4.57
-11.00,73.00,77.00,75.00,99.00,107.46,74.57,4.41