=~=~=~=~=~=~=~=~=~=~=~= PuTTY log 2017.05.01 09:32:32 =~=~=~=~=~=~=~=~=~=~=~=
1712.00,22.00,14.00,19.00,38.00,-129.74,10.64,23.69
12.00,22.00,14.00,20.00,37.00,-133.20,7.82,23.71
0.00,15.00,15.00,17.00,27.00,-8.93,37.76,15.14
2.00,50.00,61.00,70.00,88.00,-36.84,47.98,16.71
0.00,32.00,40.00,48.00,64.00,-34.67,39.73,17.43
1.00,13.00,19.00,46.00,61.00,-35.25,41.33,15.89
1.00,15.00,20.00,88.00,139.00,-43.83,44.33,13.73
1.00,12.00,17.00,84.00,129.00,-46.28,39.95,13.44
1.00,13.00,17.00,82.00,122.00,-51.37,39.84,13.79
1.00,13.00,18.00,80.00,121.00,-55.95,39.86,13.82
1.00,13.00,18.00,79.00,120.00,-60.22,39.89,14.05
1.00,13.00,18.00,79.00,118.00,-64.34,39.73,13.99
0.00,14.00,18.00,78.00,118.00,-70.08,41.41,13.50
1.00,13.00,17.00,77.00,117.00,-77.67,42.06,13.83
1.00,14.00,18.00,77.00,115.00,-80.47,42.17,14.44
0.00,12.00,17.00,74.00,109.00,-79.66,24.78,7.57
0.00,12.00,18.00,75.00,107.00,-59.05,23.04,10.75
-1.00,12.00,18.00,73.00,104.00,-75.03,18.31,16.59
-2.00,11.00,18.00,73.00,102.00,-82.95,18.18,10.12
-2.00,12.00,18.00,72.00,101.00,-80.78,29.10,14.41
-2.00,12.00,19.00,71.00,99.00,-86.26,31.28,14.99
-1.00,13.00,18.00,71.00,100.00,-91.59,31.46,16.42
5.00,16.00,9.00,69.00,112.00,-88.14,39.27,13.46
4.00,23.00,18.00,72.00,109.00,-94.10,39.66,12.96
3.00,16.00,14.00,69.00,106.00,-99.60,38.57,13.25
3.00,25.00,24.00,70.00,105.00,-105.07,38.30,14.07
4.00,19.00,19.00,68.00,103.00,-110.63,39.11,14.53
4.00,16.00,17.00,67.00,101.00,-116.84,38.22,14.04
5.00,23.00,23.00,66.00,100.00,-124.46,36.43,14.37
4.00,27.00,25.00,67.00,99.00,-130.71,36.42,14.59
3.00,18.00,18.00,65.00,97.00,-136.51,37.78,14.69
3.00,17.00,18.00,64.00,95.00,-143.68,37.46,14.86
4.00,15.00,17.00,67.00,100.00,-151.92,37.31,15.20
3.00,12.00,14.00,65.00,96.00,-159.11,38.87,14.98
3.00,13.00,14.00,63.00,94.00,-165.85,40.01,15.09
3.00,22.00,21.00,64.00,94.00,-174.28,37.27,15.36
2.00,13.00,14.00,62.00,91.00,178.72,40.09,14.91
4.00,17.00,20.00,62.00,91.00,171.71,39.40,14.98
3.00,14.00,15.00,59.00,88.00,165.53,40.42,14.87
5.00,17.00,15.00,58.00,87.00,159.68,38.80,15.19
4.00,18.00,17.00,78.00,122.00,152.98,38.66,16.12
4.00,20.00,19.00,72.00,110.00,149.47,36.96,13.74
2.00,15.00,17.00,68.00,100.00,144.86,36.29,14.84
4.00,24.00,24.00,67.00,100.00,140.10,35.49,14.64
5.00,17.00,18.00,67.00,102.00,134.43,37.26,15.47
4.00,15.00,15.00,65.00,97.00,130.49,37.73,15.23
4.00,25.00,24.00,65.00,97.00,125.60,38.57,15.06
3.00,18.00,17.00,64.00,95.00,121.01,39.93,15.33
3.00,17.00,19.00,63.00,92.00,117.19,38.73,15.56
6.00,19.00,18.00,63.00,93.00,112.90,38.71,15.78
5.00,27.00,21.00,63.00,95.00,107.92,40.77,15.27
5.00,21.00,17.00,70.00,116.00,103.39,41.81,15.50
4.00,14.00,10.00,64.00,103.00,99.09,41.37,14.97
4.00,19.00,15.00,64.00,99.00,94.81,40.49,15.04
4.00,19.00,13.00,65.00,100.00,90.39,43.17,14.42
3.00,20.00,17.00,64.00,98.00,84.88,39.12,15.05
3.00,17.00,14.00,64.00,96.00,80.98,41.21,15.17
5.00,21.00,18.00,64.00,97.00,76.19,41.98,15.39
5.00,15.00,15.00,64.00,96.00,70.79,42.55,15.26
5.00,21.00,20.00,64.00,99.00,63.79,41.35,15.13
5.00,26.00,21.00,64.00,97.00,55.26,39.20,16.11
4.00,16.00,18.00,63.00,95.00,50.53,42.46,16.17
5.00,27.00,24.00,64.00,96.00,42.66,39.80,15.26
5.00,27.00,24.00,63.00,95.00,34.34,40.37,15.65
6.00,29.00,23.00,64.00,96.00,27.38,40.81,15.09
5.00,18.00,20.00,62.00,94.00,19.40,40.61,14.77
5.00,26.00,23.00,63.00,95.00,10.92,39.20,15.07
4.00,17.00,15.00,62.00,92.00,3.25,39.47,14.19
4.00,11.00,13.00,62.00,90.00,-4.37,44.07,14.72
5.00,22.00,18.00,61.00,92.00,-10.75,40.80,15.01
5.00,16.00,10.00,68.00,105.00,-18.85,46.17,14.03
4.00,14.00,13.00,66.00,100.00,-24.17,41.43,16.01
3.00,15.00,15.00,63.00,96.00,-28.05,36.96,15.75
4.00,27.00,22.00,62.00,94.00,-35.19,39.44,15.45
4.00,24.00,17.00,62.00,95.00,-41.70,43.08,14.42
5.00,16.00,14.00,62.00,95.00,-43.92,41.16,12.93
4.00,24.00,20.00,61.00,95.00,-49.53,40.57,14.41
4.00,26.00,21.00,62.00,95.00,-53.96,41.19,15.05
4.00,11.00,13.00,61.00,90.00,-58.91,44.47,14.63
4.00,25.00,21.00,61.00,92.00,-61.59,39.38,15.52
4.00,16.00,15.00,62.00,92.00,-64.13,46.79,16.67
5.00,17.00,17.00,64.00,97.00,-70.82,44.10,18.29
5.00,26.00,20.00,62.00,95.00,-73.44,46.44,17.65
5.00,25.00,22.00,62.00,93.00,-77.72,45.74,17.59
5.00,22.00,18.00,61.00,93.00,-81.92,45.89,17.57
5.00,26.00,20.00,61.00,93.00,-86.47,46.81,17.34
5.00,26.00,20.00,62.00,92.00,-92.05,44.81,17.42
5.00,20.00,18.00,61.00,90.00,-97.11,43.21,16.26
5.00,27.00,20.00,62.00,91.00,-102.13,44.21,16.91
5.00,25.00,18.00,61.00,90.00,-107.50,46.85,16.95
5.00,15.00,17.00,60.00,88.00,-115.22,45.96,16.97
6.00,16.00,20.00,62.00,90.00,128.78,27.06,51.21
5.00,13.00,16.00,61.00,87.00,-148.75,52.85,20.92
5.00,23.00,23.00,60.00,87.00,-140.28,48.45,10.59
5.00,25.00,22.00,59.00,87.00,-149.70,44.54,13.04
6.00,27.00,22.00,60.00,88.00,-160.69,42.86,14.84
5.00,16.00,19.00,59.00,86.00,-169.92,43.29,15.20
6.00,20.00,20.00,60.00,89.00,-178.60,43.32,15.44
6.00,25.00,23.00,60.00,88.00,173.05,42.24,15.77
5.00,28.00,23.00,61.00,88.00,163.71,44.43,15.55
5.00,17.00,16.00,59.00,87.00,157.77,43.00,15.23
4.00,27.00,21.00,59.00,88.00,158.31,36.34,12.58
5.00,19.00,19.00,60.00,88.00,149.44,41.61,14.47
4.00,16.00,18.00,59.00,85.00,145.12,39.05,14.90
5.00,20.00,20.00,58.00,86.00,142.79,34.82,14.55
7.00,21.00,20.00,59.00,85.00,137.38,37.33,14.31
5.00,24.00,21.00,60.00,90.00,129.91,42.17,14.31
5.00,27.00,24.00,61.00,90.00,124.10,42.73,14.04
5.00,20.00,20.00,59.00,87.00,120.05,41.42,14.74
5.00,17.00,20.00,60.00,85.00,118.56,39.25,13.21
2.00,12.00,19.00,34.00,41.00,129.00,10.91,11.04
9.00,15.00,14.00,5.00,10.00,150.29,-5.51,15.40
7.00,10.00,9.00,0.00,2.00,154.42,-2.11,21.39
2.00,14.00,12.00,2.00,8.00,151.14,1.48,25.45
0.00,12.00,10.00,3.00,11.00,149.11,0.79,25.38
1