41.00,-2.00,-8.00,-4.00,107.00,-59.50,54.84,10.81
40.00,-1.00,-7.00,-4.00,105.00,-63.40,54.37,11.85
42.00,-1.00,-7.00,-4.00,124.00,-68.78,57.27,10.11
41.00,-1.00,-7.00,-4.00,119.00,-72.75,57.58,11.01
40.00,-1.00,-7.00,-4.00,116.00,-76.13,56.64,11.82
40.00,-1.00,-7.00,-4.00,117.00,-79.70,56.13,12.22
40.00,-1.00,-6.00,-4.00,115.00,-83.51,55.84,12.27
41.00,0.00,-6.00,-4.00,113.00,-87.29,56.40,12.62
40.00,-1.00,-7.00,-4.00,114.00,-91.58,56.68,12.57
39.00,-1.00,-7.00,-4.00,111.00,-96.21,56.46,12.58
39.00,-1.00,-6.00,-5.00,111.00,-101.36,56.22,12.72
39.00,-1.00,-6.00,-4.00,111.00,-107.10,56.22,12.81
39.00,0.00,-7.00,-4.00,109.00,-114.21,55.97,12.96
39.00,0.00,-6.00,-4.00,110.00,-122.91,55.79,13.24
39.00,0.00,-6.00,-4.00,108.00,-133.09,55.77,13.21
39.00,0.00,-6.00,-4.00,108.00,-144.83,55.71,13.19
40.00,-1.00,-6.00,-4.00,109.00,-157.38,55.78,13.18
39.00,0.00,-6.00,-4.00,109.00,-171.16,55.89,13.27
39.00,0.00,-6.00,-4.00,108.00,175.81,55.98,13.33
39.00,-1.00,-6.00,-4.00,107.00,163.87,56.09,13.44
39.00,0.00,-6.00,-5.00,109.00,153.54,56.12,13.47
39.00,0.00,-6.00,-4.00,106.00,145.23,56.05,13.49
39.00,0.00,-6.00,-4.00,107.00,138.15,55.94,13.50
39.00,0.00,-6.00,-4.00,106.00,132.07,55.90,13.61
39.00,0.00,-6.00,-4.00,107.00,126.77,55.99,13.66
39.00,-1.00,-6.00,-4.00,103.00,122.02,56.10,13.69
39.00,0.00,-6.00,-4.00,105.00,117.94,55.86,13.64
39.00,0.00,-6.00,-4.00,106.00,114.11,55.85,13.85
38.00,0.00,-6.00,-4.00,103.00,110.15,55.74,13.76
39.00,0.00,-6.00,-4.00,103.00,106.52,55.97,13.77
38.00,0.00,-6.00,-4.00,103.00,102.93,56.07,13.76
38.00,0.00,-6.00,-4.00,103.00,99.36,56.13,13.76
39.00,0.00,-6.00,-4.00,103.00,95.63,56.09,13.82
38.00,0.00,-5.00,-4.00,102.00,91.53,56.10,13.73
38.00,0.00,-6.00,-4.00,102.00,87.17,56.10,13.84
38.00,0.00,-5.00,-4.00,102.00,82.17,56.04,13.87
39.00,0.00,-6.00,-4.00,103.00,76.68,56.17,13.87
38.00,0.00,-5.00,-4.00,102.00,70.05,56.20,13.84
38.00,0.00,-6.00,-4.00,100.00,62.80,56.38,14.09
38.00,0.00,-5.00,-4.00,101.00,52.81,56.37,13.94
38.00,0.00,-5.00,-4.00,102.00,41.53,56.53,13.96
38.00,0.00,-6.00,-4.00,102.00,28.48,56.53,13.91
38.00,0.00,-6.00,-4.00,102.00,14.32,56.55,13.82
38.00,0.00,-6.00,-4.00,102.00,0.34,56.52,13.88
37.00,0.00,-5.00,-4.00,99.00,-12.34,56.53,13.85
38.00,0.00,-6.00,-4.00,101.00,-23.31,56.66,13.84
38.00,0.00,-6.00,-4.00,100.00,-32.42,56.62,13.84
37.00,0.00,-5.00,-4.00,98.00,-39.94,56.70,13.82
37.00,0.00,-5.00,-4.00,99.00,-46.50,57.08,13.62
38.00,0.00,-5.00,-4.00,100.00,-51.94,57.27,13.91
37.00,0.00,-5.00,-4.00,99.00,-56.60,57.23,14.03
37.00,0.00,-5.00,-3.00,99.00,-60.93,57.30,14.03
37.00,0.00,-5.00,-4.00,98.00,-64.80,57.34,14.03
36.00,0.00,-5.00,-4.00,98.00,-68.41,57.35,14.05
37.00,0.00,-5.00,-3.00,101.00,-71.88,57.32,14.07
37.00,0.00,-5.00,-3.00,98.00,-75.35,57.37,14.04
37.00,0.00,-5.00,-3.00,99.00,-78.48,61.06,11.59
36.00,0.00,-5.00,-4.00,97.00,-80.00,63.29,10.05
37.00,0.00,-5.00,-4.00,98.00,-80.57,64.27,9.42
37.00,0.00,-5.00,-4.00,99.00,-80.82,64.59,9.20
36.00,0.00,-5.00,-3.00,96.00,-80.92,64.74,9.12
36.00,0.00,-5.00,-4.00,97.00,-81.00,64.88,9.02
37.00,0.00,-5.00,-4.00,97.00,-81.03,64.99,9.04
36.00,0.00,-5.00,-3.00,96.00,-81.00,65.03,9.07
36.00,0.00,-5.00,-3.00,97.00,-80.99,65.00,9.09
36.00,0.00,-5.00,-3.00,96.00,-81.05,64.95,9.03
36.00,0.00,-5.00,-3.00,96.00,-81.06,65.00,9.01
36.00,0.00,-5.00,-3.00,96.00,-81.11,65.01,8.99
36.00,0.00,-5.00,-4.00,96.00,-81.09,65.01,9.01
36.00,0.00,-5.00,-3.00,96.00,-81.12,65.10,8.98
36.00,0.00,-5.00,-3.00,96.00,-81.14,65.09,8.98
36.00,0.00,-5.00,-3.00,96.00,-81.16,65.12,8.98
36.00,0.00,-5.00,-3.00,96.00,-81.15,65.16,8.99
36.00,0.00,-5.00,-3.00,96.00,-81.13,65.15,9.00
36.00,0.00,-5.00,-3.00,96.00,-81.11,65.13,9.00
36.00,0.00,-5.00,-3.00,95.00,-81.08,65.13,9.02
36.00,0.00,-5.00,-3.00,96.00,-81.12,65.21,9.00
36.00,0.00,-5.00,-3.00,94.00,-81.10,65.30,9.04
36.00,0.00,-5.00,-3.00,95.00,-81.11,65.26,8.98
36.00,0.00,-5.00,-3.00,96.00,-81.14,65.22,8.96
36.00,0.00,-5.00,-3.00,95.00,-81.16,65.29,8.93
35.00,0.00,-5.00,-3.00,93.00,-81.12,65.29,9.01
35.00,0.00,-5.00,-3.00,93.00,-81.16,65.27,8.97
35.00,0.00,-5.00,-3.00,93.00,-81.12,65.20,9.01
35.00,0.00,-5.00,-3.00,93.00,-81.11,65.25,8.98
35.00,0.00,-5.00,-3.00,93.00,-81.09,65.30,9.01
35.00,0.00,-4.00,-3.00,94.00,-81.04,65.31,9.05
34.00,0.00,-5.00,-3.00,94.00,-81.05,65.23,9.04
35.00,0.00,-5.00,-3.00,94.00,-80.99,65.38,9.11
35.00,0.00,-5.00,-3.00,92.00,-81.11,65.46,9.05
34.00,0.00,-5.00,-3.00,93.00,-81.02,65.43,9.13
35.00,0.00,-5.00,-3.00,93.00,-80.97,65.40,9.15
35.00,1.00,-5.00,-3.00,93.00,-81.06,65.55,9.08
35.00,0.00,-5.00,-3.00,93.00,-80.99,65.69,9.14
35.00,0.00,-5.00,-3.00,94.00,-81.04,65.74,9.10
35.00,0.00,-5.00,-3.00,93.00,-81.00,65.93,9.14
35.00,0.00,-5.00,-3.00,92.00,-81.18,66.30,9.00
34.00,0.00,-5.00,-3.00,93.00,-81.15,66.35,9.02
34.00,0.00,-5.00,-3.00,92.00,-81.12,66.33,9.05
34.00,0.00,-4.00,-3.00,91.00,-81.09,66.36,9.06
34.00,1.00,-4.00,-3.00,91.00,-81.10,66.43,9.06
34.00,1.00,-4.00,-3.00,91.00,-81.06,66.44,9.10
34.00,0.00,-4.00,-2.00,91.00,-81.06,66.52,9.10
34.00,1.00,-4.00,-2.00,90.00,-81.05,66.56,9.08
34.00,1.00,-5.00,-2.00,93.00,-81.17,66.58,8.93
34.00,1.00,-4.00,-2.00,91.00,-81.05,66.74,9.04
34.00,1.00,-4.00,-2.00,91.00,-81.17,66.79,8.96
34.00,0.00,-4.00,-2.00,91.00,-81.05,66.68,9.09
34.00,0.00,-4.00,-2.00,90.00,-81.01,66.89,9.15
34.00,1.00,-4.00,-2.00,92.00,-81.07,66.90,9.12
34.00,1.00,-4.00,-2.00,90.00,-80.97,66.90,9.23
34.00,1.00,-4.00,-2.00,90.00,-80.82,66.86,9.38