7.00,102.00,116.00,123.00,190.00,-55.29,56.46,5.35
19.00,119.00,127.00,127.00,178.00,-56.19,57.37,5.27
25.00,133.00,140.00,128.00,179.00,-57.09,58.40,5.09
32.00,151.00,161.00,131.00,179.00,-63.09,60.57,2.39
34.00,148.00,170.00,132.00,182.00,-63.31,60.70,2.49
38.00,151.00,169.00,130.00,178.00,-63.56,60.84,2.55
50.00,161.00,168.00,129.00,179.00,-63.79,60.90,2.62
74.00,167.00,166.00,128.00,178.00,-64.01,60.88,2.63
86.00,165.00,164.00,127.00,175.00,-64.30,60.84,2.54
88.00,164.00,164.00,127.00,175.00,-64.58,60.85,2.36
73.00,157.00,162.00,126.00,176.00,-64.76,60.80,2.17
69.00,156.00,161.00,125.00,175.00,-64.77,60.57,2.04
70.00,157.00,160.00,125.00,174.00,-61.48,50.03,1.85
76.00,156.00,159.00,124.00,172.00,-61.04,49.41,1.89
77.00,156.00,158.00,124.00,170.00,-60.34,48.43,2.07
71.00,155.00,155.00,121.00,166.00,-59.21,46.78,2.45
69.00,155.00,154.00,120.00,165.00,-57.83,44.64,2.86
66.00,153.00,153.00,120.00,172.00,-56.29,42.19,3.28
66.00,153.00,153.00,120.00,162.00,-54.73,39.61,3.66
69.00,153.00,152.00,120.00,162.00,-53.28,37.03,4.04
69.00,151.00,152.00,118.00,161.00,-52.02,34.44,4.57
72.00,151.00,152.00,119.00,162.00,-59.29,52.44,4.68
72.00,152.00,152.00,119.00,161.00,-60.64,54.94,4.69
72.00,150.00,151.00,118.00,162.00,-62.23,57.74,4.76
71.00,149.00,151.00,119.00,161.00,-63.81,60.20,4.71
68.00,149.00,150.00,117.00,160.00,-65.03,61.86,4.59
64.00,149.00,149.00,118.00,159.00,-65.77,62.79,4.57
64.00,150.00,149.00,118.00,159.00,-66.15,63.31,4.68
62.00,149.00,148.00,117.00,159.00,-66.34,63.59,4.82
61.00,149.00,148.00,118.00,158.00,-66.40,63.62,4.90
60.00,148.00,147.00,115.00,155.00,-52.13,16.06,9.53
59.00,146.00,147.00,116.00,156.00,-52.42,17.56,9.36
61.00,147.00,148.00,116.00,156.00,-52.77,18.97,9.28
58.00,145.00,148.00,116.00,156.00,-53.23,20.55,9.12
58.00,146.00,148.00,116.00,157.00,-53.80,22.68,8.89
57.00,145.00,147.00,116.00,157.00,-54.69,25.79,8.54
56.00,144.00,146.00,116.00,157.00,-55.86,29.99,8.07
56.00,145.00,146.00,116.00,157.00,-57.09,34.27,7.80
55.00,145.00,146.00,115.00,156.00,-58.12,37.18,7.72
57.00,145.00,145.00,116.00,165.00,-61.99,35.54,6.12
58.00,144.00,146.00,116.00,158.00,-60.51,30.72,6.65
58.00,144.00,145.00,116.00,166.00,-59.04,26.63,7.27
55.00,144.00,145.00,116.00,161.00,-57.71,23.03,7.90
50.00,141.00,144.00,115.00,153.00,-56.71,19.68,8.33
34.00,137.00,137.00,115.00,152.00,-56.00,16.92,8.79
24.00,132.00,128.00,113.00,149.00,-55.47,14.68,9.26
17.00,100.00,111.00,111.00,147.00,-55.04,12.87,9.57
9.00,26.00,53.00,102.00,139.00,-54.79,11.58,9.81
7.00,2.00,4.00,88.00,122.00,-68.57,57.87,2.66
7.00,0.00,-5.00,84.00,120.00,-68.79,58.43,2.64
6.00,0.00,-8.00,84.00,119.00,-69.00,59.03,2.57
5.00,0.00,-9.00,85.00,121.00,-69.15,59.60,2.54
5.00,0.00,-9.00,86.00,123.00,-69.25,60.13,2.55
5.00,1.00,-9.00,87.00,145.00,-69.35,60.55,2.50
5.00,2.00,-9.00,91.00,133.00,-69.49,60.87,2.43
4.00,6.00,-9.00,94.00,144.00,-69.57,61.13,2.32
3.00,10.00,-8.00,93.00,130.00,-69.77,61.47,2.23
4.00,14.00,-8.00,93.00,128.00,-59.04,41.90,4.85
2.00,17.00,-5.00,93.00,135.00,-58.20,39.77,4.86
2.00,20.00,1.00,92.00,140.00,-57.63,38.04,4.64
3.00,21.00,2.00,91.00,139.00,-57.39,36.95,4.64
1.00,19.00,1.00,91.00,137.00,-57.40,36.47,4.82
0.00,11.00,-4.00,92.00,155.00,-57.43,36.30,5.07
-1.00,7.00,-6.00,91.00,132.00,-57.45,36.14,5.25
-1.00,6.00,-6.00,91.00,128.00,-57.45,35.92,5.29
-1.00,6.00,-6.00,91.00,128.00,-57.47,35.82,5.28
-1.00,7.00,-6.00,91.00,129.00,-59.43,42.19,5.76
-1.00,12.00,-6.00,91.00,140.00,-59.54,42.25,5.82
0.00,19.00,-2.00,91.00,147.00,-59.65,42.28,5.90
1.00,24.00,7.00,91.00,150.00,-59.74,42.27,5.96
3.00,25.00,8.00,91.00,148.00,-59.82,42.21,6.01
1.00,24.00,7.00,91.00,145.00,-59.94,42.17,6.01
1.00,15.00,0.00,92.00,139.00,-60.14,42.22,6.05
0.00,9.00,-2.00,91.00,136.00,-60.39,42.34,6.14
0.00,8.00,-3.00,92.00,144.00,-60.61,42.52,6.20
0.00,8.00,-3.00,92.00,130.00,-66.43,53.10,5.18
0.00,8.00,-3.00,92.00,129.00,-66.49,53.12,5.19
0.00,8.00,-3.00,92.00,129.00,-66.53,53.13,5.20
0.00,8.00,-3.00,91.00,129.00,-66.57,53.13,5.21
0.00,10.00,-3.00,92.00,128.00,-66.60,53.10,5.23
0.00,13.00,-1.00,91.00,130.00,-66.64,53.04,5.25
2.00,23.00,8.00,91.00,138.00,-66.68,52.96,5.29
4.00,23.00,10.00,92.00,138.00,-66.72,52.87,5.34
4.00,23.00,10.00,91.00,138.00,-66.76,52.77,5.40
4.00,19.00,10.00,92.00,131.00,-67.86,48.97,7.99
-2.00,18.00,26.00,91.00,123.00,-68.31,49.80,8.88
-10.00,49.00,58.00,90.00,76.00,-68.59,50.66,9.81
-10.00,61.00,82.00,81.00,18.00,-68.74,51.35,10.86
-9.00,56.00,99.00,77.00,11.00,-68.75,51.70,12.45
-7.00,29.00,99.00,75.00,11.00,-68.64,51.56,14.84
-4.00,15.00,97.00,73.00,13.00,-68.25,50.81,18.19
0.00,9.00,90.00,70.00,11.00,-67.61,49.67,22.35
0.00,6.00,87.00,67.00,8.00,-66.58,48.59,26.91
-1.00,4.00,84.00,65.00,5.00,107.01,59.68,29.92
-2.00,4.00,82.00,66.00,3.00,110.48,60.73,29.07
-2.00,7.00,81.00,67.00,2.00,113.15,61.83,28.09
-4.00,16.00,81.00,67.00,1.00,114.69,63.06,26.92
-5.00,55.00,77.00,65.00,-1.00,115.52,64.40,25.60
-5.00,110.00,93.00,74.00,44.00,116.07,65.66,24.33
-4.00,132.00,101.00,76.00,56.00,116.40,66.70,23.25
-4.00,134.00,102.00,77.00,45.00,116.77,67.45,22.43
-2.00,131.00,101.00,78.00,28.00,117.24,67.96,21.84
0.00,128.00,100.00,77.00,12.00,117.12,65.42,24.39
1.00,127.00,99.00,77.00,9.00,117.77,65.29,24.44
1.00,125.00,97.00,76.00,9.00,118.19,65.24,24.41
1.00,123.00,97.00,75.00,9.00,118.41,65.28,24.32
0.00,120.00,96.00,75.00,10.00,118.56,65.32,24.23
-2.00,118.00,94.00,74.00,9.00,118.85,65.30,24.18
-5.00,116.00,96.00,74.00,8.00,119.26,65.26,24.12
-8.00,115.00,88.00,75.00,7.00,119.65,65.19,24.09
-8.00,114.00,95.00,75.00,8.00,119.79,65.17,24.08
-8.00,113.00,84.00,75.00,8.00,121.72,63.39,25.69
-8.00,112.00,88.00,75.00,8.00,121.60,63.31,25.84
-8.00,112.00,97.00,75.00,8.00,121.40,63.25,25.99
-8.00,111.00,86.00,76.00,7.00,121.18,63.24,26.07
-8.00,110.00,94.00,75.00,6.00,121.13,63.19,26.15
-8.00,110.00,78.00,75.00,6.00,121.19,63.16,26.16
-9.00,110.00,88.00,75.00,5.00,121.30,63.13,26.15
-8.00,109.00,90.00,76.00,5.00,121.38,63.15,26.09
-9.00,107.00,85.00,76.00,5.00,121.39,63.23,25.97
-9.00,107.00,87.00,76.00,5.00,124.00,61.89,25.98
-9.00,107.00,82.00,76.00,4.00,124.05,61.82,26.03
-9.00,107.00,85.00,75.00,4.00,124.08,61.75,26.06
