=~=~=~=~=~=~=~=~=~=~=~= PuTTY log 2017.04.03 00:19:17 =~=~=~=~=~=~=~=~=~=~=~=
2.00.00,67.00,75.00,46.00
36.00,0.00,98.00,106.00,103.00
26.00,0.00,97.00,98.00,87.00
.00
-3.00,10.00,79.00,86.00,51.00
-4.00,7.00,67.00,75.00,46.00
36.00,0.00,98.00,106.00,103.00
26.00,0.00,97.00,98.00,87.00
.00
-3.00,10.00,79.00,86.00,51.00
-4.00,7.00,67.00,75.00,46.00
36.00,0.00,98.00,106.00,103.00
26.00,0.00,97.00,98.00,87.00
27.00,0.00,95.00,95.00,84.00
27.00,0.00,94.00,93.00,83.00
26.00,0.00,94.00,93.00,83.00
26.00,-1.00,92.00,93.00,83.00
26.00,0.00,92.00,92.00,81.00
26.00,-1.00,90.00,91.00,81.00
26.00,-1.00,88.00,90.00,81.00
26.00,-1.00,88.00,90.00,80.00
25.00,0.00,89.00,90.00,79.00
25.00,0.00,87.00,90.00,79.00
25.00,0.00,87.00,89.00,79.00
25.00,-1.00,87.00,90.00,78.00
25.00,0.00,86.00,88.00,78.00
25.00,-1.00,85.00,88.00,78.00
24.00,-1.00,85.00,88.00,77.00
25.00,0.00,85.00,87.00,78.00
24.00,-1.00,85.00,87.00,77.00
24.00,0.00,85.00,87.00,78.00
24.00,0.00,85.00,87.00,76.00
24.00,-1.00,85.00,87.00,76.00
24.00,0.00,82.00,87.00,77.00
2