113
26.00,156.00,174.00,139.00,171.00,146.36,46.64,-0.90
58.00,160.00,176.00,141.00,178.00,146.57,46.23,-0.94
80.00,165.00,177.00,140.00,184.00,146.79,45.86,-0.98
90.00,167.00,176.00,140.00,184.00,146.95,45.60,-1.01
97.00,168.00,176.00,137.00,184.00,146.99,45.40,-0.96
103.00,167.00,174.00,131.00,187.00,146.95,45.26,-0.88
103.00,168.00,172.00,127.00,184.00,146.89,45.20,-0.87
99.00,164.00,169.00,124.00,178.00,146.74,45.28,-0.88
97.00,163.00,166.00,121.00,177.00,146.56,45.48,-0.89
92.00,160.00,164.00,120.00,174.00,152.28,19.24,8.81
90.00,157.00,163.00,120.00,170.00,152.49,18.16,8.82
88.00,156.00,163.00,120.00,170.00,152.64,17.32,8.74
84.00,152.00,162.00,121.00,168.00,152.68,16.79,8.70
86.00,152.00,161.00,121.00,167.00,152.64,16.72,8.62
86.00,151.00,161.00,120.00,166.00,152.49,17.12,8.47
88.00,151.00,161.00,120.00,167.00,152.22,18.08,8.24
87.00,152.00,160.00,120.00,166.00,151.87,19.43,8.02
85.00,152.00,160.00,120.00,165.00,151.45,20.98,7.86
84.00,152.00,159.00,120.00,165.00,143.81,37.94,11.18
82.00,151.00,158.00,120.00,165.00,145.01,35.39,11.73
81.00,150.00,158.00,120.00,165.00,146.13,32.71,12.29
81.00,149.00,158.00,120.00,164.00,146.91,30.35,12.93
79.00,149.00,156.00,120.00,161.00,147.46,28.21,13.51
79.00,147.00,156.00,120.00,161.00,147.95,26.36,13.86
73.00,144.00,155.00,122.00,159.00,148.44,24.48,14.05
74.00,143.00,154.00,123.00,160.00,148.92,22.58,14.22
46.00,132.00,148.00,120.00,153.00,149.31,20.83,14.38
14.00,88.00,110.00,108.00,143.00,131.11,61.10,3.25
6.00,25.00,46.00,102.00,138.00,131.55,60.90,2.91
6.00,10.00,9.00,95.00,135.00,132.36,60.26,2.28
3.00,4.00,-3.00,94.00,133.00,133.84,59.24,1.62
2.00,3.00,-7.00,96.00,137.00,135.66,57.95,1.17
1.00,4.00,-8.00,96.00,138.00,137.23,56.63,1.03
0.00,4.00,-8.00,96.00,139.00,138.36,55.52,1.09
0.00,4.00,-8.00,96.00,140.00,139.23,54.66,1.00
0.00,6.00,-8.00,96.00,139.00,139.98,53.87,0.70
0.00,9.00,-7.00,96.00,140.00,140.08,48.40,1.89
0.00,14.00,-6.00,96.00,142.00,139.97,48.31,2.01
3.00,20.00,1.00,97.00,143.00,139.84,48.28,2.07
4.00,22.00,11.00,96.00,143.00,139.69,48.30,2.11
3.00,22.00,10.00,96.00,141.00,139.53,48.28,2.11
2.00,18.00,5.00,96.00,141.00,139.40,48.24,2.05
0.00,11.00,-2.00,96.00,139.00,139.18,48.31,1.92
0.00,9.00,-4.00,96.00,138.00,138.79,48.58,1.87
0.00,6.00,-5.00,97.00,137.00,138.35,48.97,1.91
-1.00,6.00,-5.00,98.00,135.00,139.89,46.92,1.87
-1.00,7.00,-5.00,98.00,136.00,139.88,46.86,1.84
-1.00,9.00,-4.00,98.00,136.00,139.84,46.81,1.84
-1.00,12.00,-3.00,97.00,138.00,139.76,46.74,1.87
0.00,15.00,0.00,98.00,140.00,139.70,46.67,1.92
0.00,22.00,6.00,98.00,142.00,139.63,46.58,1.98
3.00,25.00,18.00,98.00,142.00,139.55,46.50,2.05
4.00,27.00,21.00,98.00,143.00,139.46,46.44,2.14
4.00,28.00,21.00,98.00,142.00,139.34,46.42,2.20
2.00,27.00,21.00,98.00,141.00,135.33,43.01,2.86
0.00,26.00,27.00,98.00,140.00,134.94,43.76,3.44
-3.00,22.00,36.00,93.00,131.00,134.63,44.54,3.98
-8.00,38.00,58.00,83.00,109.00,134.41,44.98,4.49
-10.00,66.00,102.00,89.00,104.00,134.24,45.07,5.16
-8.00,88.00,119.00,99.00,138.00,133.91,44.99,6.21
-6.00,111.00,125.00,107.00,99.00,133.26,44.90,7.69
-3.00,131.00,124.00,108.00,85.00,132.39,44.65,9.50
0.00,136.00,121.00,104.00,64.00,131.60,44.13,11.75
4.00,135.00,116.00,99.00,19.00,-157.31,55.16,31.47
6.00,133.00,114.00,97.00,17.00,-150.31,55.87,31.09
7.00,130.00,111.00,93.00,16.00,-144.32,56.46,30.76
8.00,127.00,107.00,88.00,16.00,-139.61,57.03,30.51
8.00,124.00,105.00,85.00,14.00,-136.50,57.43,30.48
7.00,122.00,103.00,84.00,14.00,-134.88,57.74,30.56
5.00,121.00,101.00,84.00,12.00,-132.94,58.02,30.63
2.00,120.00,101.00,84.00,11.00,-127.69,58.47,30.47
0.00,120.00,100.00,83.00,10.00,-118.44,58.94,30.22
0.00,119.00,99.00,83.00,12.00,-49.23,64.50,25.14
-2.00,119.00,101.00,83.00,10.00,-49.88,64.72,24.93
-3.00,117.00,97.00,83.00,13.00,-50.64,64.98,24.68
-4.00,116.00,94.00,83.00,8.00,-51.19,65.29,24.39
-4.00,115.00,97.00,83.00,9.00,-51.36,65.62,24.05
-4.00,115.00,97.00,83.00,8.00,-51.24,65.90,23.75
-5.00,113.00,91.00,83.00,7.00,-51.09,66.13,23.49
-6.00,111.00,97.00,84.00,7.00,-51.18,66.38,23.23
-6.00,109.00,94.00,85.00,5.00,-51.41,66.63,22.98
-7.00,107.00,94.00,86.00,6.00,-35.45,65.30,22.85
-7.00,107.00,95.00,86.00,7.00,-35.13,65.30,22.82
-7.00,106.00,94.00,86.00,5.00,-34.82,65.32,22.76
-7.00,105.00,94.00,86.00,3.00,-34.30,65.37,22.65
-7.00,104.00,94.00,86.00,3.00,-33.43,65.45,22.47
-7.00,104.00,94.00,86.00,2.00,-32.16,65.57,22.23
-7.00,103.00,94.00,86.00,3.00,-30.71,65.73,21.94
-7.00,102.00,93.00,87.00,2.00,-29.37,65.89,21.64
-7.00,101.00,93.00,87.00,2.00,-28.41,66.03,21.41
-6.00,98.00,91.00,86.00,1.00,-10.70,68.55,18.64
-6.00,96.00,89.00,85.00,0.00,-9.14,68.70,18.52
-6.00,92.00,86.00,83.00,0.00,-6.63,68.82,18.43
-6.00,88.00,82.00,80.00,0.00,-3.42,69.05,18.23
-6.00,88.00,81.00,80.00,0.00,-0.60,69.34,17.95
-6.00,87.00,82.00,80.00,0.00,2.00,69.60,17.71
-6.00,88.00,81.00,79.00,0.00,4.34,69.83,17.51
-6.00,88.00,82.00,80.00,0.00,6.96,70.07,17.33
-7.00,88.00,81.00,80.00,0.00,9.66,70.33,17.14
-6.00,88.00,81.00,80.00,0.00,12.07,70.89,17.00
-7.00,87.00,81.00,80.00,0.00,11.13,70.82,17.05
-7.00,88.00,81.00,80.00,0.00,10.27,70.76,17.08
-6.00,88.00,81.00,80.00,0.00,9.45,70.68,17.11
-7.00,87.00,81.00,80.00,0.00,8.79,70.60,17.14
-6.00,87.00,81.00,79.00,0.00,8.16,70.54,17.16
-7.00,87.00,81.00,80.00,0.00,7.55,70.48,17.19
-7.00,87.00,81.00,79.00,0.00,6.86,70.43,17.21
-6.00,88.00,81.00,80.00,0.00,6.11,70.39,17.24
-5.00,86.00,80.00,79.00,0.00,-7.86,69.40,17.40
-4.00,85.00,80.00,80.00,0.00,-8.10,69.36,17.38
-4.00,84.00,80.00,80.00,0.00,-8.54,69.28,17.38
-3.00,83.00,79.00,79.00,0.00,-8.88,69.18,17.40
-4.00,77.00,70.00,72.00,0.00,-9.06,69.11,17.43
-3.00,40.00,24.00,24.00,0.00,-9.20,69.06,17.42
