135
22.00,142.00,144.00,147.00,150.00,4.39,56.89,-4.18
47.00,141.00,144.00,151.00,156.00,4.50,56.46,-4.09
60.00,140.00,142.00,148.00,160.00,4.80,56.01,-4.00
65.00,139.00,143.00,149.00,165.00,5.05,55.63,-3.96
75.00,137.00,142.00,147.00,168.00,5.23,55.38,-4.00
79.00,143.00,142.00,148.00,168.00,5.57,55.20,-4.07
74.00,134.00,140.00,147.00,169.00,6.07,55.03,-4.13
73.00,142.00,143.00,147.00,169.00,6.48,54.79,-4.16
68.00,138.00,140.00,146.00,172.00,12.72,50.02,-1.70
59.00,127.00,141.00,144.00,170.00,12.85,45.48,0.40
56.00,134.00,141.00,144.00,171.00,13.12,40.36,2.46
51.00,127.00,138.00,140.00,165.00,12.74,35.02,4.47
55.00,127.00,139.00,139.00,164.00,12.06,29.80,6.22
54.00,127.00,137.00,139.00,161.00,11.72,25.59,7.21
55.00,123.00,137.00,140.00,162.00,11.71,22.66,7.72
54.00,127.00,139.00,139.00,166.00,11.88,20.65,8.08
56.00,125.00,137.00,139.00,167.00,12.15,19.05,8.36
49.00,120.00,135.00,137.00,161.00,10.22,20.59,12.73
51.00,120.00,135.00,136.00,160.00,10.13,23.88,12.33
61.00,120.00,135.00,138.00,166.00,10.30,26.81,11.52
52.00,122.00,134.00,135.00,166.00,10.35,29.70,10.77
55.00,120.00,134.00,136.00,167.00,10.14,32.97,10.24
51.00,117.00,133.00,135.00,161.00,9.65,36.72,9.80
34.00,118.00,133.00,134.00,158.00,9.35,39.89,9.36
26.00,114.00,126.00,129.00,149.00,9.31,41.23,8.99
18.00,96.00,111.00,118.00,132.00,8.64,40.63,9.20
14.00,86.00,100.00,105.00,113.00,-52.44,57.59,30.89
15.00,73.00,82.00,88.00,83.00,-54.57,58.24,30.94
14.00,53.00,60.00,61.00,60.00,-56.39,58.67,30.99
14.00,47.00,51.00,51.00,56.00,-57.58,58.64,31.29
16.00,41.00,41.00,47.00,55.00,-58.14,58.19,31.81
18.00,31.00,33.00,45.00,59.00,-58.58,57.75,32.20
16.00,27.00,29.00,46.00,68.00,-58.99,57.40,32.38
16.00,26.00,29.00,49.00,74.00,-59.27,57.07,32.47
13.00,41.00,42.00,48.00,69.00,-59.39,56.70,32.56
3.00,90.00,94.00,74.00,74.00,-58.70,61.28,27.50
-2.00,123.00,114.00,101.00,36.00,-59.38,62.17,26.74
-4.00,131.00,117.00,100.00,13.00,-60.79,63.45,25.75
-3.00,132.00,110.00,86.00,16.00,-62.55,64.80,24.73
-2.00,131.00,108.00,67.00,15.00,-64.29,65.87,23.93
-1.00,127.00,104.00,68.00,13.00,-65.93,66.62,23.35
-1.00,127.00,103.00,69.00,13.00,-67.71,67.11,22.87
-1.00,126.00,102.00,70.00,12.00,-69.30,67.35,22.48
-2.00,124.00,103.00,72.00,11.00,-70.77,67.54,22.04
-3.00,126.00,101.00,72.00,9.00,-116.17,60.15,11.04
-3.00,124.00,99.00,73.00,11.00,-116.97,59.82,10.62
-5.00,125.00,106.00,73.00,10.00,-117.81,59.37,10.27
-5.00,122.00,87.00,73.00,9.00,-118.58,58.86,10.01
-5.00,121.00,113.00,74.00,10.00,-119.28,58.30,9.80
-5.00,123.00,101.00,73.00,9.00,-119.99,57.72,9.66
-5.00,122.00,98.00,74.00,9.00,-120.47,57.26,9.54
-5.00,121.00,104.00,74.00,8.00,-120.55,57.12,9.33
-6.00,121.00,97.00,73.00,9.00,-120.62,57.19,9.19
-5.00,120.00,104.00,74.00,8.00,-126.26,51.89,9.98
-5.00,120.00,97.00,74.00,8.00,-126.42,51.72,10.07
-5.00,119.00,96.00,73.00,8.00,-126.59,51.54,10.15
-6.00,107.00,98.00,75.00,6.00,-126.75,51.38,10.23
-5.00,83.00,78.00,63.00,2.00,-126.89,51.23,10.33
-3.00,48.00,41.00,31.00,0.00,-127.05,51.05,10.44
-4.00,22.00,16.00,11.00,1.00,-127.22,50.84,10.57
-5.00,13.00,11.00,7.00,4.00,-127.43,50.56,10.73
-5.00,12.00,11.00,6.00,9.00,-127.64,50.19,10.93
-4.00,12.00,10.00,5.00,6.00,-15.39,43.28,-6.29
-3.00,18.00,20.00,14.00,3.00,-15.41,45.38,-6.70
-3.00,63.00,66.00,70.00,52.00,-15.41,47.31,-7.23
2.00,121.00,128.00,137.00,140.00,-15.26,48.87,-7.67
44.00,136.00,141.00,151.00,169.00,-15.19,50.09,-7.90
59.00,134.00,138.00,151.00,178.00,-15.48,51.13,-7.76
68.00,127.00,138.00,150.00,188.00,44.83,16.14,-44.00
73.00,130.00,137.00,147.00,189.00,27.37,46.10,-40.34
71.00,126.00,136.00,149.00,194.00,-163.76,1.00,-56.37
56.00,127.00,136.00,146.00,185.00,-14.78,49.24,-1.81
53.00,120.00,133.00,145.00,182.00,-13.06,44.28,-0.19
38.00,113.00,133.00,140.00,179.00,-12.27,40.47,0.99
51.00,114.00,131.00,139.00,174.00,-11.46,37.25,1.67
46.00,110.00,131.00,138.00,171.00,-10.73,34.86,2.10
49.00,116.00,132.00,138.00,175.00,-10.44,33.59,2.50
43.00,108.00,129.00,139.00,174.00,-10.47,33.38,2.83
43.00,109.00,129.00,137.00,170.00,-10.83,34.44,3.09
43.00,108.00,128.00,134.00,168.00,-11.63,36.86,3.20
46.00,107.00,129.00,135.00,167.00,-25.77,55.45,3.10
43.00,109.00,129.00,137.00,172.00,-25.62,54.34,3.71
42.00,107.00,129.00,135.00,172.00,-24.06,50.72,5.37
38.00,106.00,128.00,135.00,168.00,-21.48,45.84,7.33
32.00,108.00,126.00,133.00,165.00,-18.33,40.29,9.09
26.00,106.00,125.00,128.00,164.00,-15.36,34.45,10.01
15.00,87.00,113.00,117.00,157.00,-167.45,-4.50,83.95
6.00,40.00,82.00,91.00,129.00,-154.68,7.99,-71.68
0.00,16.00,42.00,73.00,110.00,-126.85,17.25,-67.55
0.00,7.00,9.00,70.00,112.00,-14.23,17.29,11.56
0.00,1.00,-4.00,75.00,113.00,-13.89,17.55,10.92
-2.00,0.00,-6.00,88.00,133.00,-13.43,18.04,9.95
-2.00,6.00,-8.00,100.00,136.00,-12.96,18.95,8.77
-1.00,9.00,-7.00,100.00,139.00,-12.59,20.36,7.56
-1.00,10.00,-8.00,99.00,142.00,-12.39,22.22,6.43
-1.00,10.00,-7.00,99.00,138.00,-12.42,24.33,5.46
0.00,19.00,0.00,100.00,144.00,-12.57,26.61,4.54
2.00,29.00,7.00,100.00,145.00,-12.87,28.79,3.93
1.00,27.00,7.00,99.00,142.00,-20.95,44.17,5.14
0.00,14.00,1.00,98.00,136.00,-21.45,44.33,5.34
-4.00,6.00,-3.00,99.00,137.00,-21.88,44.31,5.54
2.00,38.00,19.00,99.00,143.00,-22.19,44.12,5.79
3.00,35.00,17.00,97.00,136.00,-22.24,43.78,5.92
1.00,24.00,13.00,96.00,131.00,-21.96,43.30,5.84
-1.00,20.00,1.00,95.00,131.00,-21.63,42.72,5.66
8.00,38.00,18.00,95.00,142.00,-21.68,42.20,5.54
6.00,36.00,18.00,94.00,139.00,-22.12,42.09,5.61
0.00,13.00,36.00,95.00,132.00,-45.12,45.60,19.59
-2.00,6.00,58.00,91.00,120.00,-46.21,45.88,19.27
1.00,2.00,86.00,96.00,125.00,-47.59,46.31,19.19
2.00,1.00,107.00,100.00,128.00,-49.53,46.90,19.33
0.00,0.00,117.00,98.00,139.00,-51.87,47.68,19.64
0.00,0.00,119.00,97.00,146.00,-54.37,48.61,19.96
0.00,0.00,122.00,96.00,147.00,-56.69,49.57,20.21
0.00,0.00,125.00,96.00,146.00,-58.77,50.65,20.28
0.00,0.00,125.00,95.00,144.00,-60.83,51.90,20.07
-1.00,4.00,127.00,96.00,133.00,-81.81,63.41,9.16
-1.00,56.00,137.00,95.00,132.00,-81.63,63.29,9.23
-1.00,103.00,141.00,95.00,135.00,-81.53,63.36,9.23
-2.00,94.00,140.00,93.00,132.00,-81.50,63.68,9.19
-3.00,27.00,129.00,95.00,130.00,-81.48,64.07,9.15
-3.00,10.00,126.00,96.00,129.00,-81.40,64.29,9.20
-4.00,28.00,126.00,96.00,129.00,-81.22,64.17,9.37
-4.00,79.00,129.00,96.00,128.00,-81.02,63.81,9.50
-3.00,82.00,130.00,96.00,130.00,-80.80,63.44,9.61
-4.00,30.00,128.00,95.00,128.00,-80.21,59.06,10.88
-5.00,13.00,126.00,95.00,126.00,-80.34,58.92,10.85
-5.00,25.00,127.00,95.00,127.00,-80.46,58.81,10.82
-5.00,86.00,128.00,96.00,126.00,-80.58,58.80,10.75
-4.00,91.00,130.00,95.00,125.00,-80.70,58.84,10.68
-4.00,59.00,127.00,95.00,125.00,-80.82,58.88,10.61
-6.00,16.00,121.00,101.00,126.00,-80.94,58.95,10.55
-6.00,8.00,115.00,103.00,123.00,-81.07,58.99,10.50
-5.00,6.00,110.00,104.00,121.00,-81.21,58.97,10.44
-6.00,6.00,110.00,103.00,119.00,-81.50,59.67,10.82
-5.00,6.00,110.00,103.00,118.00,-81.39,59.56,10.97
-5.00,6.00,108.00,104.00,118.00,-81.32,59.46,11.08
-5.00,6.00,110.00,103.00,119.00,-81.27,59.39,11.17
-5.00,6.00,108.00,103.00,118.00,-81.23,59.34,11.23
-5.00,6.00,108.00,103.00,116.00,-81.21,59.32,11.28
-5.00,6.00,108.00,103.00,117.00,-81.19,59.32,11.33
-5.00,6.00,107.00,103.00,117.00,-81.17,59.29,11.37
-5.00,6.00,109.00,104.00,119.00,-81.17,59.25,11.41
-5.00,6.00,107.00,103.00,117.00,-82.13,58.01,12.00
-5.00,6.00,107.00,103.00,116.00,-82.21,57.95,12.00
-5.00,6.00,108.00,103.00,116.00,-82.28,57.90,12.00
-5.00,7.00,107.00,103.00,116.00,-82.36,57.84,11.99
-5.00,7.00,108.00,102.00,117.00,-82.44,57.81,11.97
-5.00,6.00,107.00,103.00,116.00,-82.51,57.79,11.94
-5.00,6.00,110.00,103.00,117.00,-82.59,57.79,11.92
-5.00,6.00,108.00,103.00,117.00,-82.67,57.79,11.88
-5.00,6.00,108.00,103.00,115.00,-82.76,57.80,11.85
-5.00,6.00,108.00,103.00,116.00,-84.85,57.69,11.45
-5.00,7.00,108.00,103.00,117.00,-84.94,57.69,11.42
-5.00,7.00,107.00,102.00,116.00,-85.02,57.68,11.39
-5.00,6.00,108.00,103.00,117.00,-85.11,57.67,11.37
-5.00,7.00,108.00,102.00,117.00,-85.18,57.66,11.35
-5.00,7.00,108.00,103.00,117.00,-85.26,57.65,11.33
-5.00,6.00,107.00,103.00,118.00,-85.34,57.66,11.31
